%YAML:1.0
---
Distortion0: !!opencv-matrix
   rows: 4
   cols: 1
   dt: f
   data: [-5.609742739e-02, 8.204680697e-02, 0.000000000e+00, 0.000000000e+00]
Distortion1: !!opencv-matrix
   rows: 4
   cols: 1
   dt: f
   data: [-7.027354011e-02, 1.026114845e-01, 0.000000000e+00, 0.000000000e+00]
Distortion2: !!opencv-matrix
   rows: 4
   cols: 1
   dt: f
   data: [-5.609742739e-02, 8.204680697e-02, 0.000000000e+00, 0.000000000e+00]
Distortion3: !!opencv-matrix
   rows: 4
   cols: 1
   dt: f
   data: [-7.027354011e-02, 1.026114845e-01, 0.000000000e+00, 0.000000000e+00]
cameraMatrix0: !!opencv-matrix
   rows: 3
   cols: 3
   dt: f
   data: [1.121561888e+03, 0.000000000e+00, 1.010132388e+03, 0.000000000e+00, 1.120604832e+03, 9.913386570e+02, 0.000000000e+00, 0.000000000e+00, 1.000000000e+00]
cameraMatrix1: !!opencv-matrix
   rows: 3
   cols: 3
   dt: f
   data: [1.134427665e+03, 0.000000000e+00, 1.009264096e+03, 0.000000000e+00, 1.133978233e+03, 9.975611419e+02, 0.000000000e+00, 0.000000000e+00, 1.000000000e+00]
cameraMatrix2: !!opencv-matrix
   rows: 3
   cols: 3
   dt: f
   data: [1.121561888e+03, 0.000000000e+00, 1.010132388e+03, 0.000000000e+00, 1.120604832e+03, 9.913386570e+02, 0.000000000e+00, 0.000000000e+00, 1.000000000e+00]
cameraMatrix3: !!opencv-matrix
   rows: 3
   cols: 3
   dt: f
   data: [1.134427665e+03, 0.000000000e+00, 1.009264096e+03, 0.000000000e+00, 1.133978233e+03, 9.975611419e+02, 0.000000000e+00, 0.000000000e+00, 1.000000000e+00]
Translation0: !!opencv-matrix
   rows: 3
   cols: 1
   dt: f
   data: [9.625627262e+00, -2.446281140e+02, -1.304107509e+01]
Translation1: !!opencv-matrix
   rows: 3
   cols: 1
   dt: f
   data: [9.625627262e+00, -2.446281140e+02, -1.304107509e+01]
Rotation0: !!opencv-matrix
   rows: 3
   cols: 3
   dt: f
   data: [9.998728252e-01, 9.938034750e-03, -1.247272978e-02, -9.424874545e-03, 9.991331410e-01, 4.054797515e-02, 1.286488487e-02, -4.042526455e-02, 9.990997411e-01]
Rotation1: !!opencv-matrix
   rows: 3
   cols: 3
   dt: f
   data: [9.998728252e-01, 9.938034750e-03, -1.247272978e-02, -9.424874545e-03, 9.991331410e-01, 4.054797515e-02, 1.286488487e-02, -4.042526455e-02, 9.990997411e-01]
