%YAML:1.0
---
R0: !!opencv-matrix
   rows: 4
   cols: 4
   dt: f
   data: [ -4.70508610e-08, 1.43467605e-01, -9.89655018e-01, 0.,
       -9.36816752e-01, -1.60517506e-02, 3.49452168e-01, 0.,
       4.62877692e-09, 9.89654958e-01, 1.43467605e-01, 0., 0., 0., 0.,
       1. ]
R1: !!opencv-matrix
   rows: 4
   cols: 4
   dt: f
   data: [ 4.58669156e-08, 6.10704310e-02, -9.98133481e-01, 0.,
       -8.99006665e-01, 7.90127926e-03, -4.37863559e-01, 0.,
       -1.97649608e-09, 9.98133421e-01, 6.10704273e-02, 0., 0., 0., 0.,
       1. ]
T0: [ 3.1464205932617188e+02, -2.4496350097656250e+02,
    -1.2203386230468750e+03 ]
T1: [ -1.6406698226928711e+01, -2.0095043945312500e+02,
    -8.2426904296875000e+02 ]
