%YAML:1.0
---
Distortion0: !!opencv-matrix
   rows: 4
   cols: 1
   dt: f
   data: [-7.121446200e-02, 1.290179551e-01, -4.036273722e-04, -2.492402167e-03]
Distortion1: !!opencv-matrix
   rows: 4
   cols: 1
   dt: f
   data: [-6.803515935e-02, 1.256081334e-01, 1.172323031e-04, -1.517781026e-03]
Distortion2: !!opencv-matrix
   rows: 4
   cols: 1
   dt: f
   data: [-6.874427674e-02, 1.121562441e-01, 1.322079829e-04, 1.364871689e-03]
Distortion3: !!opencv-matrix
   rows: 4
   cols: 1
   dt: f
   data: [-5.374842884e-02, 9.056400172e-02, 2.316565742e-03, 8.790063708e-05]
cameraMatrix0: !!opencv-matrix
   rows: 3
   cols: 3
   dt: f
   data: [1.117607031e+03, 0.000000000e+00, 9.920254750e+02, 0.000000000e+00, 1.120293763e+03, 9.885894469e+02, 0.000000000e+00, 0.000000000e+00, 1.000000000e+00]
cameraMatrix1: !!opencv-matrix
   rows: 3
   cols: 3
   dt: f
   data: [1.118402408e+03, 0.000000000e+00, 1.013186212e+03, 0.000000000e+00, 1.120568881e+03, 1.007280821e+03, 0.000000000e+00, 0.000000000e+00, 1.000000000e+00]
cameraMatrix2: !!opencv-matrix
   rows: 3
   cols: 3
   dt: f
   data: [1.106633107e+03, 0.000000000e+00, 1.015884859e+03, 0.000000000e+00, 1.110599943e+03, 1.000668856e+03, 0.000000000e+00, 0.000000000e+00, 1.000000000e+00]
cameraMatrix3: !!opencv-matrix
   rows: 3
   cols: 3
   dt: f
   data: [1.122899992e+03, 0.000000000e+00, 1.010913327e+03, 0.000000000e+00, 1.126407064e+03, 9.902782197e+02, 0.000000000e+00, 0.000000000e+00, 1.000000000e+00]
Translation0: !!opencv-matrix
   rows: 3
   cols: 1
   dt: f
   data: [1.749075161e+01, -3.474321025e+02, -5.499027365e+00]
Translation1: !!opencv-matrix
   rows: 3
   cols: 1
   dt: f
   data: [-3.355446619e+01, -3.456097931e+02, 7.585826626e+00]
Rotation0: !!opencv-matrix
   rows: 3
   cols: 3
   dt: f
   data: [9.990608761e-01, -3.655278311e-02, 2.326499101e-02, 3.592550154e-02, 9.989941854e-01, 2.683236560e-02, -2.422238838e-02, -2.597136022e-02, 9.993691832e-01]
Rotation1: !!opencv-matrix
   rows: 3
   cols: 3
   dt: f
   data: [9.974520150e-01, 7.133843048e-02, -5.533596424e-04, -7.132177178e-02, 9.973371795e-01, 1.522350731e-02, 1.637907263e-03, -1.514525145e-02, 9.998839626e-01]
