%YAML:1.0
---
Distortion0: !!opencv-matrix
   rows: 4
   cols: 1
   dt: f
   data: [-7.554420476e-02, 1.675628468e-01, -1.021296838e-01, -2.644299720e-04]
Distortion1: !!opencv-matrix
   rows: 4
   cols: 1
   dt: f
   data: [-8.302964968e-02, 2.580807609e-01, -3.679502036e-01, -7.306016674e-05]
Distortion2: !!opencv-matrix
   rows: 4
   cols: 1
   dt: f
   data: [-6.961303457e-02, 1.301328510e-01, -3.763623005e-02, -3.866005703e-04]
Distortion3: !!opencv-matrix
   rows: 4
   cols: 1
   dt: f
   data: [-6.088869271e-02, 9.305940672e-02, 1.894881897e-02, 8.731665551e-04]
cameraMatrix0: !!opencv-matrix
   rows: 3
   cols: 3
   dt: f
   data: [1.123129129e+03, -4.269306916e-01, 9.854517062e+02, 0.000000000e+00, 1.127194060e+03, 9.873294048e+02, 0.000000000e+00, 0.000000000e+00, 1.000000000e+00]
cameraMatrix1: !!opencv-matrix
   rows: 3
   cols: 3
   dt: f
   data: [1.123111436e+03, -1.209462121e+00, 1.006332517e+03, 0.000000000e+00, 1.126665218e+03, 1.005247102e+03, 0.000000000e+00, 0.000000000e+00, 1.000000000e+00]
cameraMatrix2: !!opencv-matrix
   rows: 3
   cols: 3
   dt: f
   data: [1.109260025e+03, 5.967339635e-01, 1.016976427e+03, 0.000000000e+00, 1.113146332e+03, 9.986418188e+02, 0.000000000e+00, 0.000000000e+00, 1.000000000e+00]
cameraMatrix3: !!opencv-matrix
   rows: 3
   cols: 3
   dt: f
   data: [1.125042674e+03, 1.469635334e+00, 1.012766865e+03, 0.000000000e+00, 1.128690538e+03, 9.869754785e+02, 0.000000000e+00, 0.000000000e+00, 1.000000000e+00]
Translation0: !!opencv-matrix
   rows: 3
   cols: 1
   dt: f
   data: [1.721986050e+01, -3.471868183e+02, -6.382064340e+00]
Translation1: !!opencv-matrix
   rows: 3
   cols: 1
   dt: f
   data: [-3.311377167e+01, -3.456846002e+02, 8.612614117e+00]
Rotation0: !!opencv-matrix
   rows: 3
   cols: 3
   dt: f
   data: [9.990669761e-01, -3.628019003e-02, 2.342915110e-02, 3.564571839e-02, 9.990009617e-01, 2.695294591e-02, -2.438360248e-02, -2.609264925e-02, 9.993621033e-01]
Rotation1: !!opencv-matrix
   rows: 3
   cols: 3
   dt: f
   data: [9.974822421e-01, 7.090188353e-02, -1.449028523e-03, -7.086913181e-02, 9.973533949e-01, 1.624105330e-02, 2.596714786e-03, -1.609747087e-02, 9.998670554e-01]
