%YAML:1.0
---
T0: !!opencv-matrix
   rows: 4
   cols: 4
   dt: f
   data: [ -9.70602930e-01, -2.05104560e-01, -1.25944793e-01,
       1.01921066e+02, -9.73497927e-01, -1.19670458e-01, 1.94886625e-01,
       -4.26681030e+02, -2.40686476e-01, 8.27113807e-01, 5.07890642e-01,
       -1.10735352e+03, 0., 0., 0., 1. ]
T1: !!opencv-matrix
   rows: 4
   cols: 4
   dt: f
   data: [ 9.74828959e-01, -2.22944260e-01, 2.10019969e-03,
       -3.93934082e+02, -8.58309448e-01, -4.83364146e-03,
       -5.13109684e-01, 1.93933875e+03, 2.22954139e-01, 9.74785686e-01,
       -9.18276329e-03, -7.89190613e+02, 0., 0., 0., 1. ]
