%YAML:1.0
---
T0: !!opencv-matrix
   rows: 4
   cols: 4
   dt: f
   data: [ -5.45817673e-01, 4.34199482e-01, -7.16626704e-01,
       6.58770447e+02, 7.27418244e-01, -1.78936228e-01, -6.62453353e-01,
       1.19275757e+03, -4.15867418e-01, -8.82866144e-01, -2.18178064e-01,
       8.35085083e+02, 0., 0., 0., 1. ]
T1: !!opencv-matrix
   rows: 4
   cols: 4
   dt: f
   data: [ 2.03328550e-01, -3.49623024e-01, -9.14560676e-01,
       1.36568945e+03, 9.74863231e-01, -1.46192284e-02, 2.22323969e-01,
       -6.17514221e+02, -9.10997540e-02, -9.36776400e-01, 3.37862104e-01,
       1.20653320e+02, 0., 0., 0., 1. ]
